5 4.684916e+01 1.000000e+00 1 3.954070e-16 3.330669e-15 4.680000e+02 4.254545e+01 27 76 5.860274e-07 9.329983e-11 8.479068e-07
5 4.271286e+01 1.000000e+00 1 3.954386e-16 3.663736e-15 5.730000e+02 5.209091e+01 46 97 7.821507e-07 7.800829e-11 9.955360e-07
5 7.510581e+01 1.000000e+00 1 3.809075e-16 -3.108624e-15 2.660000e+02 2.418182e+01 21 41 6.470771e-07 6.835939e-11 9.325647e-07
5 6.756635e+01 1.000000e+00 1 4.002759e-16 -3.441691e-15 2.910000e+02 2.645455e+01 24 43 7.322455e-07 8.715249e-11 9.783262e-07
5 6.801126e+01 1.000000e+00 1 4.046884e-16 -3.774758e-15 3.060000e+02 2.781818e+01 26 45 6.721299e-07 7.811254e-11 9.361905e-07
5 4.856350e+01 1.000000e+00 1 4.040071e-16 -2.997602e-15 3.190000e+02 2.900000e+01 27 47 6.886413e-07 7.921253e-11 9.369680e-07
5 7.050372e+01 1.000000e+00 1 4.159802e-16 3.219647e-15 3.340000e+02 3.036364e+01 28 50 7.444347e-07 7.038683e-11 9.835882e-07
5 8.365995e+01 1.000000e+00 1 4.205680e-16 3.663736e-15 3.480000e+02 3.163636e+01 29 52 7.676519e-07 7.061843e-11 9.889856e-07
5 7.875698e+01 1.000000e+00 1 4.297376e-16 2.886580e-15 3.640000e+02 3.309091e+01 30 54 7.137587e-07 8.048201e-11 9.848140e-07
5 7.590270e+01 1.000000e+00 1 4.366726e-16 3.774758e-15 3.880000e+02 3.527273e+01 32 57 7.479723e-07 7.191308e-11 9.941184e-07
5 6.323225e+01 1.000000e+00 1 4.349269e-16 3.330669e-15 4.010000e+02 3.645455e+01 34 59 7.423559e-07 7.654743e-11 9.903142e-07
5 7.197192e+01 1.000000e+00 1 4.442753e-16 3.497203e-15 4.130000e+02 3.754545e+01 35 60 7.429452e-07 9.685905e-11 9.467786e-07
5 8.090175e+01 1.000000e+00 1 4.500670e-16 -3.552714e-15 4.220000e+02 3.836364e+01 36 62 6.949366e-07 7.348714e-11 8.668118e-07
5 6.674713e+01 1.000000e+00 1 4.540237e-16 2.997602e-15 4.280000e+02 3.890909e+01 36 64 7.836590e-07 8.000603e-11 9.839239e-07
5 8.769161e+01 1.000000e+00 1 4.554260e-16 -3.441691e-15 4.380000e+02 3.981818e+01 37 65 7.889902e-07 7.594767e-11 9.916676e-07
5 1.012874e+02 1.000000e+00 1 4.613158e-16 -3.108624e-15 4.500000e+02 4.090909e+01 38 67 7.448206e-07 8.457751e-11 9.540167e-07
5 7.456175e+01 1.000000e+00 1 4.630477e-16 -3.441691e-15 4.630000e+02 4.209091e+01 39 69 7.908673e-07 7.474507e-11 9.831223e-07
5 9.909425e+01 1.000000e+00 1 4.661236e-16 3.427814e-15 4.790000e+02 4.354545e+01 40 71 7.702492e-07 7.912540e-11 9.983309e-07
5 1.079620e+02 1.000000e+00 1 4.692066e-16 3.219647e-15 4.850000e+02 4.409091e+01 41 72 8.169158e-07 9.087340e-11 9.884776e-07
5 9.499017e+01 1.000000e+00 1 4.771619e-16 -3.219647e-15 4.930000e+02 4.481818e+01 42 73 7.380661e-07 9.667758e-11 9.480288e-07
5 1.051071e+02 1.000000e+00 1 4.762518e-16 3.413936e-15 5.050000e+02 4.590909e+01 42 76 7.766914e-07 7.423512e-11 9.831890e-07
5 8.163933e+01 1.000000e+00 1 4.784787e-16 3.441691e-15 5.240000e+02 4.763636e+01 44 78 8.080119e-07 9.152330e-11 9.967728e-07
5 7.904750e+01 4.678482e-35 0 4.799962e-16 -2.886580e-15 5.440000e+02 4.945455e+01 46 81 7.822384e-07 8.671404e-11 9.803303e-07
5 1.042613e+02 5.246845e-46 0 4.822362e-16 3.219647e-15 5.360000e+02 4.872727e+01 45 80 8.179538e-07 8.861376e-11 9.903195e-07
5 9.436414e+01 1.042732e-41 0 4.853135e-16 3.108624e-15 5.320000e+02 4.836364e+01 45 79 8.413416e-07 9.265523e-11 9.953106e-07
5 1.188723e+02 2.368121e-52 0 4.890834e-16 -3.219647e-15 5.410000e+02 4.918182e+01 46 80 7.911932e-07 9.597695e-11 9.654231e-07
5 9.236246e+01 7.717758e-41 0 4.818301e-16 -3.441691e-15 5.320000e+02 4.836364e+01 45 79 7.874912e-07 9.304725e-11 9.584163e-07
5 9.412031e+01 1.330666e-41 0 4.766608e-16 3.108624e-15 5.440000e+02 4.945455e+01 46 81 7.638164e-07 8.297760e-11 9.506384e-07
5 1.059494e+02 9.699539e-47 0 4.841529e-16 2.997602e-15 5.350000e+02 4.863636e+01 45 80 7.903019e-07 9.115189e-11 9.642200e-07
5 1.108224e+02 7.420948e-49 0 4.786745e-16 3.441691e-15 5.430000e+02 4.936364e+01 46 81 7.766810e-07 8.191042e-11 9.914365e-07
5 1.184746e+02 3.524896e-52 0 4.787168e-16 -2.872702e-15 5.390000e+02 4.900000e+01 46 79 7.434456e-07 8.672511e-11 9.303745e-07
5 9.863510e+01 1.456539e-43 0 4.900591e-16 -3.552714e-15 5.360000e+02 4.872727e+01 45 81 8.302035e-07 8.060977e-11 9.886838e-07
10 7.510757e+01 2.405441e-33 0 5.318036e-16 -4.551914e-15 4.890000e+02 2.328571e+01 20 41 7.295329e-07 6.836019e-11 9.941225e-07
10 5.717868e+01 1.471004e-25 0 5.236734e-16 -5.440093e-15 4.840000e+02 2.304762e+01 20 40 6.958948e-07 7.662672e-11 9.723021e-07
10 6.217521e+01 9.945993e-28 0 5.364425e-16 5.107026e-15 4.870000e+02 2.319048e+01 20 41 6.923999e-07 6.799335e-11 9.096994e-07
10 5.127623e+01 5.382912e-23 0 5.363866e-16 4.662937e-15 4.830000e+02 2.300000e+01 20 40 6.877872e-07 7.151751e-11 9.428793e-07
10 6.351501e+01 2.604844e-28 0 5.314226e-16 5.107026e-15 4.930000e+02 2.347619e+01 20 41 7.051424e-07 8.221532e-11 9.597949e-07
10 7.834353e+01 9.458833e-35 0 5.325840e-16 4.884981e-15 4.880000e+02 2.323810e+01 20 41 7.486293e-07 7.775530e-11 9.984446e-07
10 7.286223e+01 2.271610e-32 0 5.311703e-16 4.662937e-15 4.820000e+02 2.295238e+01 20 40 7.006330e-07 6.172616e-11 9.851741e-07
10 6.192612e+01 1.275938e-27 0 5.281978e-16 -4.440892e-15 4.910000e+02 2.338095e+01 20 41 7.172654e-07 6.382376e-11 9.776308e-07
10 6.201336e+01 1.169340e-27 0 5.312474e-16 -4.773959e-15 4.940000e+02 2.352381e+01 20 41 7.117833e-07 9.538487e-11 9.555738e-07
10 6.345132e+01 2.776134e-28 0 5.264549e-16 -5.107026e-15 4.890000e+02 2.328571e+01 20 41 7.331164e-07 6.227510e-11 9.892953e-07
10 7.510757e+01 2.405441e-33 0 5.318036e-16 -4.551914e-15 4.890000e+02 2.328571e+01 20 41 7.295329e-07 6.836019e-11 9.941225e-07
10 5.717868e+01 1.471004e-25 0 5.236734e-16 -5.440093e-15 4.840000e+02 2.304762e+01 20 40 6.958948e-07 7.662672e-11 9.723021e-07
10 6.217521e+01 9.945993e-28 0 5.364425e-16 5.107026e-15 4.870000e+02 2.319048e+01 20 41 6.923999e-07 6.799335e-11 9.096994e-07
10 5.127623e+01 5.382912e-23 0 5.363866e-16 4.662937e-15 4.830000e+02 2.300000e+01 20 40 6.877872e-07 7.151751e-11 9.428793e-07
10 6.351501e+01 2.604844e-28 0 5.314226e-16 5.107026e-15 4.930000e+02 2.347619e+01 20 41 7.051424e-07 8.221532e-11 9.597949e-07
10 7.834353e+01 9.458833e-35 0 5.325840e-16 4.884981e-15 4.880000e+02 2.323810e+01 20 41 7.486293e-07 7.775530e-11 9.984446e-07
10 7.286223e+01 2.271610e-32 0 5.311703e-16 4.662937e-15 4.820000e+02 2.295238e+01 20 40 7.006330e-07 6.172616e-11 9.851741e-07
10 6.192612e+01 1.275938e-27 0 5.281978e-16 -4.440892e-15 4.910000e+02 2.338095e+01 20 41 7.172654e-07 6.382376e-11 9.776308e-07
10 6.201336e+01 1.169340e-27 0 5.312474e-16 -4.773959e-15 4.940000e+02 2.352381e+01 20 41 7.117833e-07 9.538487e-11 9.555738e-07
10 6.345132e+01 2.776134e-28 0 5.264549e-16 -5.107026e-15 4.890000e+02 2.328571e+01 20 41 7.331164e-07 6.227510e-11 9.892953e-07
10 -3.637979e-12 1.000000e+00 1 0.000000e+00 0.000000e+00 4.270000e+02 2.033333e+01 20 27 3.419572e-07 9.965827e-11 3.590501e-07
10 5.093170e-11 1.000000e+00 1 0.000000e+00 0.000000e+00 4.080000e+02 1.942857e+01 19 28 9.347932e-07 1.542205e-11 9.815321e-07
10 -3.456080e-11 1.000000e+00 1 0.000000e+00 0.000000e+00 4.070000e+02 1.938095e+01 19 27 9.339295e-07 9.905330e-11 9.806210e-07
10 0.000000e+00 1.000000e+00 1 0.000000e+00 0.000000e+00 4.070000e+02 1.938095e+01 19 27 9.475467e-07 9.825586e-11 9.949191e-07
10 7.275958e-12 1.000000e+00 1 0.000000e+00 0.000000e+00 4.070000e+02 1.938095e+01 19 27 9.123638e-07 9.914120e-11 9.579771e-07
10 1.818989e-11 1.000000e+00 1 0.000000e+00 0.000000e+00 4.270000e+02 2.033333e+01 20 27 3.519100e-07 9.796620e-11 3.695006e-07
10 -6.184564e-11 1.000000e+00 1 0.000000e+00 0.000000e+00 4.070000e+02 1.938095e+01 19 27 9.230674e-07 9.731701e-11 9.692159e-07
10 1.455192e-11 1.000000e+00 1 0.000000e+00 0.000000e+00 4.080000e+02 1.942857e+01 19 28 9.498918e-07 1.621479e-11 9.973856e-07
10 -2.546585e-11 1.000000e+00 1 0.000000e+00 0.000000e+00 4.070000e+02 1.938095e+01 19 27 9.348446e-07 9.845162e-11 9.815819e-07
10 -3.274181e-11 1.000000e+00 1 0.000000e+00 0.000000e+00 4.070000e+02 1.938095e+01 19 27 9.262972e-07 9.725689e-11 9.726072e-07
10 7.510757e+01 2.405441e-33 0 5.318036e-16 -4.551914e-15 4.890000e+02 2.328571e+01 20 41 7.295329e-07 6.836019e-11 9.941225e-07
10 5.717868e+01 1.471004e-25 0 5.236734e-16 -5.440093e-15 4.840000e+02 2.304762e+01 20 40 6.958948e-07 7.662672e-11 9.723021e-07
10 6.217521e+01 9.945993e-28 0 5.364425e-16 5.107026e-15 4.870000e+02 2.319048e+01 20 41 6.923999e-07 6.799335e-11 9.096994e-07
10 5.127623e+01 5.382912e-23 0 5.363866e-16 4.662937e-15 4.830000e+02 2.300000e+01 20 40 6.877872e-07 7.151751e-11 9.428793e-07
10 6.351501e+01 2.604844e-28 0 5.314226e-16 5.107026e-15 4.930000e+02 2.347619e+01 20 41 7.051424e-07 8.221532e-11 9.597949e-07
10 7.834353e+01 9.458833e-35 0 5.325840e-16 4.884981e-15 4.880000e+02 2.323810e+01 20 41 7.486293e-07 7.775530e-11 9.984446e-07
10 7.286223e+01 2.271610e-32 0 5.311703e-16 4.662937e-15 4.820000e+02 2.295238e+01 20 40 7.006330e-07 6.172616e-11 9.851741e-07
10 6.192612e+01 1.275938e-27 0 5.281978e-16 -4.440892e-15 4.910000e+02 2.338095e+01 20 41 7.172654e-07 6.382376e-11 9.776308e-07
10 6.201336e+01 1.169340e-27 0 5.312474e-16 -4.773959e-15 4.940000e+02 2.352381e+01 20 41 7.117833e-07 9.538487e-11 9.555738e-07
10 6.345132e+01 2.776134e-28 0 5.264549e-16 -5.107026e-15 4.890000e+02 2.328571e+01 20 41 7.331164e-07 6.227510e-11 9.892953e-07
10 -1.297456e-03 1.000000e+00 1 1.564468e-16 -1.332268e-15 0.000000e+00 0.000000e+00 1000000 0 0.000000e+00 3.400000e+38 0.000000e+00
10 -1.179477e-03 1.000000e+00 1 1.621835e-16 -1.221245e-15 0.000000e+00 0.000000e+00 1000000 0 0.000000e+00 3.400000e+38 0.000000e+00
10 -8.903983e-04 1.000000e+00 1 1.683212e-16 -1.443290e-15 0.000000e+00 0.000000e+00 1000000 0 0.000000e+00 3.400000e+38 0.000000e+00
10 -7.926024e-04 1.000000e+00 1 1.725144e-16 -1.332268e-15 0.000000e+00 0.000000e+00 1000000 0 0.000000e+00 3.400000e+38 0.000000e+00
10 -6.151503e-04 1.000000e+00 1 1.713473e-16 -1.221245e-15 0.000000e+00 0.000000e+00 1000000 0 0.000000e+00 3.400000e+38 0.000000e+00
10 -6.886434e-04 1.000000e+00 1 1.768073e-16 -1.332268e-15 0.000000e+00 0.000000e+00 1000000 0 0.000000e+00 3.400000e+38 0.000000e+00
10 -5.874623e-04 1.000000e+00 1 1.743669e-16 -1.332268e-15 0.000000e+00 0.000000e+00 1000000 0 0.000000e+00 3.400000e+38 0.000000e+00
10 -5.662702e-04 1.000000e+00 1 1.795907e-16 -1.221245e-15 0.000000e+00 0.000000e+00 1000000 0 0.000000e+00 3.400000e+38 0.000000e+00
10 -4.127555e-04 1.000000e+00 1 1.821421e-16 -1.443290e-15 0.000000e+00 0.000000e+00 1000000 0 0.000000e+00 3.400000e+38 0.000000e+00
10 -3.465355e-04 1.000000e+00 1 1.833094e-16 1.554312e-15 0.000000e+00 0.000000e+00 1000000 0 0.000000e+00 3.400000e+38 0.000000e+00
10 -1.297456e-03 1.000000e+00 1 1.564468e-16 -1.332268e-15 0.000000e+00 0.000000e+00 1000000 0 0.000000e+00 3.400000e+38 0.000000e+00
10 -1.179477e-03 1.000000e+00 1 1.621835e-16 -1.221245e-15 0.000000e+00 0.000000e+00 1000000 0 0.000000e+00 3.400000e+38 0.000000e+00
10 -8.903983e-04 1.000000e+00 1 1.683212e-16 -1.443290e-15 0.000000e+00 0.000000e+00 1000000 0 0.000000e+00 3.400000e+38 0.000000e+00
10 -7.926024e-04 1.000000e+00 1 1.725144e-16 -1.332268e-15 0.000000e+00 0.000000e+00 1000000 0 0.000000e+00 3.400000e+38 0.000000e+00
10 -6.151503e-04 1.000000e+00 1 1.713473e-16 -1.221245e-15 0.000000e+00 0.000000e+00 1000000 0 0.000000e+00 3.400000e+38 0.000000e+00
10 -6.886434e-04 1.000000e+00 1 1.768073e-16 -1.332268e-15 0.000000e+00 0.000000e+00 1000000 0 0.000000e+00 3.400000e+38 0.000000e+00
10 -5.874623e-04 1.000000e+00 1 1.743669e-16 -1.332268e-15 0.000000e+00 0.000000e+00 1000000 0 0.000000e+00 3.400000e+38 0.000000e+00
10 -5.662702e-04 1.000000e+00 1 1.795907e-16 -1.221245e-15 0.000000e+00 0.000000e+00 1000000 0 0.000000e+00 3.400000e+38 0.000000e+00
10 -4.127555e-04 1.000000e+00 1 1.821421e-16 -1.443290e-15 0.000000e+00 0.000000e+00 1000000 0 0.000000e+00 3.400000e+38 0.000000e+00
10 -3.465355e-04 1.000000e+00 1 1.833094e-16 1.554312e-15 0.000000e+00 0.000000e+00 1000000 0 0.000000e+00 3.400000e+38 0.000000e+00
10 -1.297456e-03 1.000000e+00 1 1.564468e-16 -1.332268e-15 0.000000e+00 0.000000e+00 1000000 0 0.000000e+00 3.400000e+38 0.000000e+00
10 -1.179477e-03 1.000000e+00 1 1.621835e-16 -1.221245e-15 0.000000e+00 0.000000e+00 1000000 0 0.000000e+00 3.400000e+38 0.000000e+00
10 -8.903983e-04 1.000000e+00 1 1.683212e-16 -1.443290e-15 0.000000e+00 0.000000e+00 1000000 0 0.000000e+00 3.400000e+38 0.000000e+00
10 -7.926024e-04 1.000000e+00 1 1.725144e-16 -1.332268e-15 0.000000e+00 0.000000e+00 1000000 0 0.000000e+00 3.400000e+38 0.000000e+00
10 -6.151503e-04 1.000000e+00 1 1.713473e-16 -1.221245e-15 0.000000e+00 0.000000e+00 1000000 0 0.000000e+00 3.400000e+38 0.000000e+00
10 -6.886434e-04 1.000000e+00 1 1.768073e-16 -1.332268e-15 0.000000e+00 0.000000e+00 1000000 0 0.000000e+00 3.400000e+38 0.000000e+00
10 -5.874623e-04 1.000000e+00 1 1.743669e-16 -1.332268e-15 0.000000e+00 0.000000e+00 1000000 0 0.000000e+00 3.400000e+38 0.000000e+00
10 -5.662702e-04 1.000000e+00 1 1.795907e-16 -1.221245e-15 0.000000e+00 0.000000e+00 1000000 0 0.000000e+00 3.400000e+38 0.000000e+00
10 -4.127555e-04 1.000000e+00 1 1.821421e-16 -1.443290e-15 0.000000e+00 0.000000e+00 1000000 0 0.000000e+00 3.400000e+38 0.000000e+00
10 -3.465355e-04 1.000000e+00 1 1.833094e-16 1.554312e-15 0.000000e+00 0.000000e+00 1000000 0 0.000000e+00 3.400000e+38 0.000000e+00
10 -5.375588e-01 1.000000e+00 1 5.166220e-15 -1.556533e-13 0.000000e+00 0.000000e+00 1000000 0 0.000000e+00 3.400000e+38 0.000000e+00
10 -8.651556e-03 1.000000e+00 1 1.370514e-14 6.256107e-13 0.000000e+00 0.000000e+00 1000000 0 0.000000e+00 3.400000e+38 0.000000e+00
10 5.125727e-03 9.948874e-01 1 1.439542e-14 5.955791e-13 0.000000e+00 0.000000e+00 1000000 0 0.000000e+00 3.400000e+38 0.000000e+00
10 3.552451e-03 9.964539e-01 1 1.457339e-14 -5.301315e-13 0.000000e+00 0.000000e+00 1000000 0 0.000000e+00 3.400000e+38 0.000000e+00
10 -1.968695e-03 1.000000e+00 1 1.860718e-14 8.995027e-13 0.000000e+00 0.000000e+00 1000000 0 0.000000e+00 3.400000e+38 0.000000e+00
10 9.491066e-03 9.905538e-01 1 1.569188e-14 6.500356e-13 0.000000e+00 0.000000e+00 1000000 0 0.000000e+00 3.400000e+38 0.000000e+00
10 -8.192676e-03 1.000000e+00 1 1.645857e-14 -5.986323e-13 0.000000e+00 0.000000e+00 1000000 0 0.000000e+00 3.400000e+38 0.000000e+00
10 -6.843003e-03 1.000000e+00 1 1.382156e-14 7.635004e-13 0.000000e+00 0.000000e+00 1000000 0 0.000000e+00 3.400000e+38 0.000000e+00
10 6.670597e-03 9.933516e-01 1 1.847010e-14 8.818501e-13 0.000000e+00 0.000000e+00 1000000 0 0.000000e+00 3.400000e+38 0.000000e+00
10 -5.942711e-03 1.000000e+00 1 2.322566e-14 -2.019940e-12 0.000000e+00 0.000000e+00 1000000 0 0.000000e+00 3.400000e+38 0.000000e+00
10 -5.375588e-01 1.000000e+00 1 5.166220e-15 -1.556533e-13 0.000000e+00 0.000000e+00 1000000 0 0.000000e+00 3.400000e+38 0.000000e+00
10 -8.651556e-03 1.000000e+00 1 1.370514e-14 6.256107e-13 0.000000e+00 0.000000e+00 1000000 0 0.000000e+00 3.400000e+38 0.000000e+00
10 5.125727e-03 9.948874e-01 1 1.439542e-14 5.955791e-13 0.000000e+00 0.000000e+00 1000000 0 0.000000e+00 3.400000e+38 0.000000e+00
10 3.552451e-03 9.964539e-01 1 1.457339e-14 -5.301315e-13 0.000000e+00 0.000000e+00 1000000 0 0.000000e+00 3.400000e+38 0.000000e+00
10 -1.968695e-03 1.000000e+00 1 1.860718e-14 8.995027e-13 0.000000e+00 0.000000e+00 1000000 0 0.000000e+00 3.400000e+38 0.000000e+00
10 9.491066e-03 9.905538e-01 1 1.569188e-14 6.500356e-13 0.000000e+00 0.000000e+00 1000000 0 0.000000e+00 3.400000e+38 0.000000e+00
10 -8.192676e-03 1.000000e+00 1 1.645857e-14 -5.986323e-13 0.000000e+00 0.000000e+00 1000000 0 0.000000e+00 3.400000e+38 0.000000e+00
10 -6.843003e-03 1.000000e+00 1 1.382156e-14 7.635004e-13 0.000000e+00 0.000000e+00 1000000 0 0.000000e+00 3.400000e+38 0.000000e+00
10 6.670597e-03 9.933516e-01 1 1.847010e-14 8.818501e-13 0.000000e+00 0.000000e+00 1000000 0 0.000000e+00 3.400000e+38 0.000000e+00
10 -5.942711e-03 1.000000e+00 1 2.322566e-14 -2.019940e-12 0.000000e+00 0.000000e+00 1000000 0 0.000000e+00 3.400000e+38 0.000000e+00
10 -5.375588e-01 1.000000e+00 1 5.166220e-15 -1.556533e-13 0.000000e+00 0.000000e+00 1000000 0 0.000000e+00 3.400000e+38 0.000000e+00
10 -8.651556e-03 1.000000e+00 1 1.370514e-14 6.256107e-13 0.000000e+00 0.000000e+00 1000000 0 0.000000e+00 3.400000e+38 0.000000e+00
10 5.125727e-03 9.948874e-01 1 1.439542e-14 5.955791e-13 0.000000e+00 0.000000e+00 1000000 0 0.000000e+00 3.400000e+38 0.000000e+00
10 3.552451e-03 9.964539e-01 1 1.457339e-14 -5.301315e-13 0.000000e+00 0.000000e+00 1000000 0 0.000000e+00 3.400000e+38 0.000000e+00
10 -1.968695e-03 1.000000e+00 1 1.860718e-14 8.995027e-13 0.000000e+00 0.000000e+00 1000000 0 0.000000e+00 3.400000e+38 0.000000e+00
10 9.491066e-03 9.905538e-01 1 1.569188e-14 6.500356e-13 0.000000e+00 0.000000e+00 1000000 0 0.000000e+00 3.400000e+38 0.000000e+00
10 -8.192676e-03 1.000000e+00 1 1.645857e-14 -5.986323e-13 0.000000e+00 0.000000e+00 1000000 0 0.000000e+00 3.400000e+38 0.000000e+00
10 -6.843003e-03 1.000000e+00 1 1.382156e-14 7.635004e-13 0.000000e+00 0.000000e+00 1000000 0 0.000000e+00 3.400000e+38 0.000000e+00
10 6.670597e-03 9.933516e-01 1 1.847010e-14 8.818501e-13 0.000000e+00 0.000000e+00 1000000 0 0.000000e+00 3.400000e+38 0.000000e+00
10 -5.942711e-03 1.000000e+00 1 2.322566e-14 -2.019940e-12 0.000000e+00 0.000000e+00 1000000 0 0.000000e+00 3.400000e+38 0.000000e+00
10 -5.375588e-01 1.000000e+00 1 5.166220e-15 -1.556533e-13 0.000000e+00 0.000000e+00 1000000 0 0.000000e+00 3.400000e+38 0.000000e+00
10 -8.651556e-03 1.000000e+00 1 1.370514e-14 6.256107e-13 0.000000e+00 0.000000e+00 1000000 0 0.000000e+00 3.400000e+38 0.000000e+00
10 5.125727e-03 9.948874e-01 1 1.439542e-14 5.955791e-13 0.000000e+00 0.000000e+00 1000000 0 0.000000e+00 3.400000e+38 0.000000e+00
10 3.552451e-03 9.964539e-01 1 1.457339e-14 -5.301315e-13 0.000000e+00 0.000000e+00 1000000 0 0.000000e+00 3.400000e+38 0.000000e+00
10 -1.968695e-03 1.000000e+00 1 1.860718e-14 8.995027e-13 0.000000e+00 0.000000e+00 1000000 0 0.000000e+00 3.400000e+38 0.000000e+00
10 9.491066e-03 9.905538e-01 1 1.569188e-14 6.500356e-13 0.000000e+00 0.000000e+00 1000000 0 0.000000e+00 3.400000e+38 0.000000e+00
10 -8.192676e-03 1.000000e+00 1 1.645857e-14 -5.986323e-13 0.000000e+00 0.000000e+00 1000000 0 0.000000e+00 3.400000e+38 0.000000e+00
10 -6.843003e-03 1.000000e+00 1 1.382156e-14 7.635004e-13 0.000000e+00 0.000000e+00 1000000 0 0.000000e+00 3.400000e+38 0.000000e+00
10 6.670597e-03 9.933516e-01 1 1.847010e-14 8.818501e-13 0.000000e+00 0.000000e+00 1000000 0 0.000000e+00 3.400000e+38 0.000000e+00
10 -5.942711e-03 1.000000e+00 1 2.322566e-14 -2.019940e-12 0.000000e+00 0.000000e+00 1000000 0 0.000000e+00 3.400000e+38 0.000000e+00
10 -5.375588e-01 1.000000e+00 1 5.166220e-15 -1.556533e-13 0.000000e+00 0.000000e+00 1000000 0 0.000000e+00 3.400000e+38 0.000000e+00
10 -8.651556e-03 1.000000e+00 1 1.370514e-14 6.256107e-13 0.000000e+00 0.000000e+00 1000000 0 0.000000e+00 3.400000e+38 0.000000e+00
10 5.125727e-03 9.948874e-01 1 1.439542e-14 5.955791e-13 0.000000e+00 0.000000e+00 1000000 0 0.000000e+00 3.400000e+38 0.000000e+00
10 3.552451e-03 9.964539e-01 1 1.457339e-14 -5.301315e-13 0.000000e+00 0.000000e+00 1000000 0 0.000000e+00 3.400000e+38 0.000000e+00
10 -1.968695e-03 1.000000e+00 1 1.860718e-14 8.995027e-13 0.000000e+00 0.000000e+00 1000000 0 0.000000e+00 3.400000e+38 0.000000e+00
10 9.491066e-03 9.905538e-01 1 1.569188e-14 6.500356e-13 0.000000e+00 0.000000e+00 1000000 0 0.000000e+00 3.400000e+38 0.000000e+00
10 -8.192676e-03 1.000000e+00 1 1.645857e-14 -5.986323e-13 0.000000e+00 0.000000e+00 1000000 0 0.000000e+00 3.400000e+38 0.000000e+00
10 -6.843003e-03 1.000000e+00 1 1.382156e-14 7.635004e-13 0.000000e+00 0.000000e+00 1000000 0 0.000000e+00 3.400000e+38 0.000000e+00
10 6.670597e-03 9.933516e-01 1 1.847010e-14 8.818501e-13 0.000000e+00 0.000000e+00 1000000 0 0.000000e+00 3.400000e+38 0.000000e+00
10 -5.942711e-03 1.000000e+00 1 2.322566e-14 -2.019940e-12 0.000000e+00 0.000000e+00 1000000 0 0.000000e+00 3.400000e+38 0.000000e+00
10 3.733766e+04 0.000000e+00 0 7.601217e-16 4.662937e-15 1.006000e+03 4.790476e+01 21 86 8.095170e-07 9.114768e-11 9.853037e-07
10 3.896684e+03 0.000000e+00 0 7.145503e-16 -4.440892e-15 1.020000e+03 4.857143e+01 21 89 8.266564e-07 8.948912e-11 9.917915e-07
10 3.708798e+03 0.000000e+00 0 7.233221e-16 4.218847e-15 1.018000e+03 4.847619e+01 21 88 8.133575e-07 9.781508e-11 9.758412e-07
10 4.531240e+03 0.000000e+00 0 7.109048e-16 -3.885781e-15 1.037000e+03 4.938095e+01 21 86 8.365128e-07 9.855507e-11 9.986632e-07
10 8.121039e+03 0.000000e+00 0 7.338266e-16 -4.884981e-15 1.010000e+03 4.809524e+01 21 87 8.127967e-07 8.553565e-11 9.886164e-07
10 9.016339e+03 0.000000e+00 0 7.186185e-16 -4.440892e-15 9.810000e+02 4.671429e+01 21 87 8.160519e-07 7.825278e-11 9.816345e-07
10 3.889829e+03 0.000000e+00 0 7.050723e-16 -5.218048e-15 1.025000e+03 4.880952e+01 21 87 8.182268e-07 8.891487e-11 9.999712e-07
10 3.675288e+03 0.000000e+00 0 7.164772e-16 4.329870e-15 1.034000e+03 4.923810e+01 21 90 8.162150e-07 7.762422e-11 9.837572e-07
10 4.953403e+03 0.000000e+00 0 7.134832e-16 5.551115e-15 1.011000e+03 4.814286e+01 21 88 8.230592e-07 7.770510e-11 9.976296e-07
10 6.047120e+03 0.000000e+00 0 7.330544e-16 4.107825e-15 9.990000e+02 4.757143e+01 21 89 7.915055e-07 7.795357e-11 9.533814e-07
10 1.699249e+04 0.000000e+00 0 7.270756e-16 4.274359e-15 9.860000e+02 4.695238e+01 21 86 8.172926e-07 9.471221e-11 9.984282e-07
10 1.737446e+04 0.000000e+00 0 7.332989e-16 3.996803e-15 9.800000e+02 4.666667e+01 21 86 8.278880e-07 9.420982e-11 9.576502e-07
10 1.888241e+04 0.000000e+00 0 7.328257e-16 4.218847e-15 9.870000e+02 4.700000e+01 21 84 7.824412e-07 8.170912e-11 9.665195e-07
10 1.622397e+04 0.000000e+00 0 7.364846e-16 -4.218847e-15 9.840000e+02 4.685714e+01 21 89 8.046338e-07 8.039734e-11 9.878676e-07
10 1.809330e+04 0.000000e+00 0 7.277832e-16 -4.662937e-15 9.970000e+02 4.747619e+01 21 87 8.219558e-07 8.803521e-11 9.918408e-07
10 1.817280e+04 0.000000e+00 0 7.280474e-16 -4.607426e-15 1.008000e+03 4.800000e+01 21 89 8.356141e-07 9.306983e-11 9.999581e-07
10 1.650924e+04 0.000000e+00 0 7.281407e-16 3.885781e-15 9.790000e+02 4.661905e+01 21 86 8.001086e-07 8.591771e-11 9.679164e-07
10 1.814490e+04 0.000000e+00 0 7.194318e-16 4.218847e-15 9.910000e+02 4.719048e+01 21 85 7.878536e-07 9.100998e-11 9.783714e-07
10 1.810594e+04 0.000000e+00 0 7.248667e-16 -4.662937e-15 1.017000e+03 4.842857e+01 21 87 7.974688e-07 9.944463e-11 9.506823e-07
10 1.824877e+04 0.000000e+00 0 7.312171e-16 -3.885781e-15 9.930000e+02 4.728571e+01 21 86 8.058041e-07 9.616167e-11 9.784574e-07
10 4.817991e+03 0.000000e+00 0 6.576974e-16 4.996004e-15 8.040000e+02 3.828571e+01 21 102 7.706236e-07 8.178478e-11 9.639727e-07
10 5.040903e+03 0.000000e+00 0 6.557570e-16 -4.440892e-15 7.890000e+02 3.757143e+01 21 99 7.147087e-07 9.940436e-11 9.831463e-07
10 4.807240e+03 0.000000e+00 0 6.442067e-16 -4.329870e-15 8.110000e+02 3.861905e+01 21 104 7.617447e-07 9.204263e-11 9.768954e-07
10 4.436784e+03 0.000000e+00 0 6.530591e-16 -4.773959e-15 7.680000e+02 3.657143e+01 21 98 7.926304e-07 8.312919e-11 9.907397e-07
10 4.722513e+03 0.000000e+00 0 6.387988e-16 -3.996803e-15 8.160000e+02 3.885714e+01 21 105 7.923098e-07 8.595799e-11 9.977617e-07
10 4.466188e+03 0.000000e+00 0 6.441337e-16 4.773959e-15 8.070000e+02 3.842857e+01 21 103 8.045183e-07 9.940912e-11 9.949300e-07
10 4.593725e+03 0.000000e+00 0 6.465944e-16 4.329870e-15 7.760000e+02 3.695238e+01 21 99 7.675756e-07 8.894496e-11 9.992802e-07
10 4.859069e+03 0.000000e+00 0 6.436799e-16 3.996803e-15 7.980000e+02 3.800000e+01 21 104 7.822688e-07 8.926867e-11 9.851346e-07
10 5.147687e+03 0.000000e+00 0 6.419514e-16 3.941292e-15 8.280000e+02 3.942857e+01 21 107 8.071652e-07 8.429092e-11 9.935168e-07
10 4.685561e+03 0.000000e+00 0 6.526936e-16 -4.218847e-15 7.960000e+02 3.790476e+01 21 103 7.648452e-07 8.308616e-11 9.590137e-07
10 4.875144e+01 6.722285e-22 0 5.146496e-16 5.551115e-15 4.630000e+02 2.204762e+01 20 37 6.735990e-07 9.909488e-11 9.686254e-07
10 4.065176e+01 2.213946e-18 0 5.263582e-16 -5.107026e-15 4.610000e+02 2.195238e+01 20 37 6.636646e-07 9.009024e-11 9.951007e-07
10 3.335544e+01 3.265239e-15 0 5.254392e-16 5.107026e-15 4.610000e+02 2.195238e+01 20 37 6.507862e-07 9.007448e-11 9.839014e-07
10 1.672476e+01 5.451674e-08 0 5.222560e-16 -4.440892e-15 4.600000e+02 2.190476e+01 20 37 6.706270e-07 8.494217e-11 9.997473e-07
10 2.505511e+01 1.314328e-11 0 5.095116e-16 -5.107026e-15 4.660000e+02 2.219048e+01 20 38 7.005339e-07 5.277261e-11 9.932514e-07
10 3.260259e+01 6.932270e-15 0 5.365651e-16 -5.107026e-15 4.640000e+02 2.209524e+01 20 38 6.696277e-07 4.889017e-11 9.503309e-07
10 3.021457e+01 7.550537e-14 0 5.243247e-16 -4.884981e-15 4.600000e+02 2.190476e+01 20 37 6.712994e-07 8.763287e-11 9.930214e-07
10 2.753700e+01 1.098587e-12 0 5.217873e-16 -5.107026e-15 4.630000e+02 2.204762e+01 20 37 6.865651e-07 9.373969e-11 9.875560e-07
10 4.138767e+01 1.060632e-18 0 5.101550e-16 -4.662937e-15 4.670000e+02 2.223810e+01 20 38 6.801659e-07 5.546326e-11 9.908543e-07
10 4.068058e+01 2.151044e-18 0 5.221480e-16 -4.440892e-15 4.660000e+02 2.219048e+01 20 38 6.650738e-07 4.957170e-11 9.619062e-07
10 4.875144e+01 6.722285e-22 0 5.146496e-16 5.551115e-15 4.630000e+02 2.204762e+01 20 37 6.735990e-07 9.909488e-11 9.686254e-07
10 4.065176e+01 2.213946e-18 0 5.263582e-16 -5.107026e-15 4.610000e+02 2.195238e+01 20 37 6.636646e-07 9.009024e-11 9.951007e-07
10 3.335544e+01 3.265239e-15 0 5.254392e-16 5.107026e-15 4.610000e+02 2.195238e+01 20 37 6.507862e-07 9.007448e-11 9.839014e-07
10 1.672476e+01 5.451674e-08 0 5.222560e-16 -4.440892e-15 4.600000e+02 2.190476e+01 20 37 6.706270e-07 8.494217e-11 9.997473e-07
10 2.505511e+01 1.314328e-11 0 5.095116e-16 -5.107026e-15 4.660000e+02 2.219048e+01 20 38 7.005339e-07 5.277261e-11 9.932514e-07
10 3.260259e+01 6.932270e-15 0 5.365651e-16 -5.107026e-15 4.640000e+02 2.209524e+01 20 38 6.696277e-07 4.889017e-11 9.503309e-07
10 3.021457e+01 7.550537e-14 0 5.243247e-16 -4.884981e-15 4.600000e+02 2.190476e+01 20 37 6.712994e-07 8.763287e-11 9.930214e-07
10 2.753700e+01 1.098587e-12 0 5.217873e-16 -5.107026e-15 4.630000e+02 2.204762e+01 20 37 6.865651e-07 9.373969e-11 9.875560e-07
10 4.138767e+01 1.060632e-18 0 5.101550e-16 -4.662937e-15 4.670000e+02 2.223810e+01 20 38 6.801659e-07 5.546326e-11 9.908543e-07
10 4.068058e+01 2.151044e-18 0 5.221480e-16 -4.440892e-15 4.660000e+02 2.219048e+01 20 38 6.650738e-07 4.957170e-11 9.619062e-07
10 1.699249e+04 0.000000e+00 0 7.270756e-16 4.274359e-15 9.860000e+02 4.695238e+01 21 86 8.172926e-07 9.471221e-11 9.984282e-07
10 1.737446e+04 0.000000e+00 0 7.332989e-16 3.996803e-15 9.800000e+02 4.666667e+01 21 86 8.278880e-07 9.420982e-11 9.576502e-07
10 1.888241e+04 0.000000e+00 0 7.328257e-16 4.218847e-15 9.870000e+02 4.700000e+01 21 84 7.824412e-07 8.170912e-11 9.665195e-07
10 1.622397e+04 0.000000e+00 0 7.364846e-16 -4.218847e-15 9.840000e+02 4.685714e+01 21 89 8.046338e-07 8.039734e-11 9.878676e-07
10 1.809330e+04 0.000000e+00 0 7.277832e-16 -4.662937e-15 9.970000e+02 4.747619e+01 21 87 8.219558e-07 8.803521e-11 9.918408e-07
10 1.817280e+04 0.000000e+00 0 7.280474e-16 -4.607426e-15 1.008000e+03 4.800000e+01 21 89 8.356141e-07 9.306983e-11 9.999581e-07
10 1.650924e+04 0.000000e+00 0 7.281407e-16 3.885781e-15 9.790000e+02 4.661905e+01 21 86 8.001086e-07 8.591771e-11 9.679164e-07
10 1.814490e+04 0.000000e+00 0 7.194318e-16 4.218847e-15 9.910000e+02 4.719048e+01 21 85 7.878536e-07 9.100998e-11 9.783714e-07
10 1.810594e+04 0.000000e+00 0 7.248667e-16 -4.662937e-15 1.017000e+03 4.842857e+01 21 87 7.974688e-07 9.944463e-11 9.506823e-07
10 1.824877e+04 0.000000e+00 0 7.312171e-16 -3.885781e-15 9.930000e+02 4.728571e+01 21 86 8.058041e-07 9.616167e-11 9.784574e-07
10 1.699249e+04 0.000000e+00 0 7.270756e-16 4.274359e-15 9.860000e+02 4.695238e+01 21 86 8.172926e-07 9.471221e-11 9.984282e-07
10 1.737446e+04 0.000000e+00 0 7.332989e-16 3.996803e-15 9.800000e+02 4.666667e+01 21 86 8.278880e-07 9.420982e-11 9.576502e-07
10 1.888241e+04 0.000000e+00 0 7.328257e-16 4.218847e-15 9.870000e+02 4.700000e+01 21 84 7.824412e-07 8.170912e-11 9.665195e-07
10 1.622397e+04 0.000000e+00 0 7.364846e-16 -4.218847e-15 9.840000e+02 4.685714e+01 21 89 8.046338e-07 8.039734e-11 9.878676e-07
10 1.809330e+04 0.000000e+00 0 7.277832e-16 -4.662937e-15 9.970000e+02 4.747619e+01 21 87 8.219558e-07 8.803521e-11 9.918408e-07
10 1.817280e+04 0.000000e+00 0 7.280474e-16 -4.607426e-15 1.008000e+03 4.800000e+01 21 89 8.356141e-07 9.306983e-11 9.999581e-07
10 1.650924e+04 0.000000e+00 0 7.281407e-16 3.885781e-15 9.790000e+02 4.661905e+01 21 86 8.001086e-07 8.591771e-11 9.679164e-07
10 1.814490e+04 0.000000e+00 0 7.194318e-16 4.218847e-15 9.910000e+02 4.719048e+01 21 85 7.878536e-07 9.100998e-11 9.783714e-07
10 1.810594e+04 0.000000e+00 0 7.248667e-16 -4.662937e-15 1.017000e+03 4.842857e+01 21 87 7.974688e-07 9.944463e-11 9.506823e-07
10 1.824877e+04 0.000000e+00 0 7.312171e-16 -3.885781e-15 9.930000e+02 4.728571e+01 21 86 8.058041e-07 9.616167e-11 9.784574e-07
10 4.954634e+02 6.652154e-216 0 7.137299e-16 -3.885781e-15 9.960000e+02 4.742857e+01 21 93 8.065505e-07 8.291096e-11 9.955388e-07
10 4.335972e+02 4.910730e-189 0 7.247632e-16 -4.107825e-15 9.870000e+02 4.700000e+01 21 92 8.195037e-07 8.897656e-11 9.914877e-07
10 4.596090e+02 2.479321e-200 0 7.123265e-16 -4.302114e-15 9.980000e+02 4.752381e+01 21 91 8.035243e-07 9.521896e-11 9.735066e-07
10 4.653607e+02 7.878024e-203 0 7.101016e-16 4.801715e-15 9.740000e+02 4.638095e+01 21 93 8.229328e-07 9.591820e-11 9.887710e-07
10 5.493455e+02 2.644205e-239 0 7.126638e-16 -3.719247e-15 1.003000e+03 4.776190e+01 21 92 8.171515e-07 8.550263e-11 9.984721e-07
10 5.027465e+02 4.570728e-219 0 7.123240e-16 -4.107825e-15 9.970000e+02 4.747619e+01 21 91 8.133183e-07 8.083544e-11 9.994702e-07
10 4.107114e+02 4.268997e-179 0 7.048067e-16 4.218847e-15 9.870000e+02 4.700000e+01 21 93 7.827737e-07 8.673314e-11 9.818823e-07
10 4.174474e+02 5.068685e-182 0 7.091957e-16 3.996803e-15 9.880000e+02 4.704762e+01 21 92 8.262013e-07 8.339620e-11 9.659944e-07
10 4.997440e+02 9.203213e-218 0 7.186093e-16 -4.773959e-15 1.019000e+03 4.852381e+01 21 95 8.119589e-07 9.483736e-11 9.979310e-07
10 4.991631e+02 1.645145e-217 0 7.129428e-16 4.107825e-15 9.690000e+02 4.614286e+01 21 89 8.300262e-07 7.774265e-11 9.912064e-07
10 -3.566614e-01 1.000000e+00 1 7.179303e-16 4.218847e-15 9.990000e+02 4.757143e+01 21 94 8.273506e-07 8.003056e-11 9.963844e-07
10 8.885124e-02 9.149817e-01 1 7.663186e-16 -4.440892e-15 1.106000e+03 5.266667e+01 49 83 8.332578e-07 9.962242e-11 9.885627e-07
10 6.265523e-02 9.392673e-01 0 7.553812e-16 -4.218847e-15 1.066000e+03 5.076190e+01 48 84 8.413267e-07 7.822735e-11 9.888823e-07
10 1.032376e-01 9.019127e-01 1 7.631163e-16 -4.440892e-15 1.066000e+03 5.076190e+01 48 84 8.309359e-07 7.944973e-11 9.787298e-07
10 5.899946e-02 9.427073e-01 1 7.666666e-16 -4.829470e-15 1.073000e+03 5.109524e+01 48 86 8.085827e-07 9.517464e-11 9.891958e-07
10 -1.858458e-01 1.000000e+00 1 7.627982e-16 4.440892e-15 1.075000e+03 5.119048e+01 49 84 8.402902e-07 8.608336e-11 9.946691e-07
10 -7.118474e-03 1.000000e+00 1 7.648330e-16 -5.218048e-15 1.071000e+03 5.100000e+01 49 85 8.304354e-07 9.755655e-11 9.970218e-07
10 2.350888e-01 7.905007e-01 1 7.746912e-16 -4.329870e-15 1.073000e+03 5.109524e+01 48 84 8.365588e-07 8.366977e-11 9.893551e-07
10 1.965037e-02 9.805414e-01 1 7.607345e-16 -4.468648e-15 1.052000e+03 5.009524e+01 47 84 8.323789e-07 8.715671e-11 9.853466e-07
10 -3.748890e-02 1.000000e+00 1 7.582687e-16 -5.440093e-15 1.068000e+03 5.085714e+01 48 83 8.166181e-07 9.376592e-11 9.977056e-07
10 -1.222572e-01 1.000000e+00 1 7.212821e-16 4.107825e-15 9.970000e+02 4.747619e+01 21 88 8.168106e-07 8.401341e-11 9.965275e-07
10 -1.763530e-01 1.000000e+00 1 7.698842e-16 3.885781e-15 1.098000e+03 5.228571e+01 50 85 8.417661e-07 9.646943e-11 9.927256e-07
10 -1.714829e-01 1.000000e+00 1 7.669615e-16 4.385381e-15 1.079000e+03 5.138095e+01 48 86 8.672533e-07 7.732317e-11 9.914412e-07
10 -8.432899e-02 1.000000e+00 1 7.647982e-16 -4.607426e-15 1.079000e+03 5.138095e+01 48 85 8.674218e-07 9.970368e-11 9.987608e-07
10 -2.130713e-01 1.000000e+00 1 7.605648e-16 4.884981e-15 1.076000e+03 5.123810e+01 49 85 8.285921e-07 8.918828e-11 9.915889e-07
10 -7.768184e-02 1.000000e+00 1 7.553639e-16 -4.551914e-15 1.071000e+03 5.100000e+01 49 84 8.228618e-07 9.112642e-11 9.942987e-07
10 -1.310484e-01 1.000000e+00 1 7.636040e-16 -4.329870e-15 1.080000e+03 5.142857e+01 49 86 8.302566e-07 9.708071e-11 9.939239e-07
10 -1.465354e-01 1.000000e+00 1 7.623291e-16 -4.794776e-15 1.085000e+03 5.166667e+01 49 87 8.502648e-07 9.274907e-11 9.823718e-07
10 -6.507381e-02 1.000000e+00 1 7.617232e-16 5.329071e-15 1.078000e+03 5.133333e+01 49 86 8.385818e-07 7.841755e-11 9.917730e-07
10 -1.159267e-01 1.000000e+00 1 7.661562e-16 -5.495604e-15 1.073000e+03 5.109524e+01 49 85 8.282089e-07 8.697883e-11 9.996837e-07
10 -1.222573e-01 1.000000e+00 1 7.204513e-16 3.941292e-15 9.970000e+02 4.747619e+01 21 88 8.168097e-07 8.401333e-11 9.965226e-07
10 -1.294244e-01 1.000000e+00 1 7.617245e-16 -4.440892e-15 1.103000e+03 5.252381e+01 50 86 8.179294e-07 7.754957e-11 9.995310e-07
10 -4.428537e-02 1.000000e+00 1 7.545706e-16 5.329071e-15 1.075000e+03 5.119048e+01 49 86 8.422899e-07 8.071396e-11 9.621294e-07
10 -2.449095e-01 1.000000e+00 1 7.724475e-16 -4.385381e-15 1.089000e+03 5.185714e+01 49 85 8.591973e-07 8.618229e-11 9.868640e-07
10 -1.018634e-01 1.000000e+00 1 7.576956e-16 4.329870e-15 1.065000e+03 5.071429e+01 48 85 8.448613e-07 9.874415e-11 9.985920e-07
10 -1.304323e-01 1.000000e+00 1 7.669267e-16 4.551914e-15 1.088000e+03 5.180952e+01 49 86 8.215512e-07 8.865137e-11 9.929459e-07
10 -3.857763e-02 1.000000e+00 1 7.550360e-16 4.218847e-15 1.088000e+03 5.180952e+01 49 86 8.405467e-07 8.123434e-11 9.988100e-07
10 -1.685770e-01 1.000000e+00 1 7.565529e-16 4.551914e-15 1.063000e+03 5.061905e+01 48 86 8.568247e-07 8.724778e-11 9.971800e-07
10 -8.846895e-02 1.000000e+00 1 7.597125e-16 3.969047e-15 1.091000e+03 5.195238e+01 49 87 8.211398e-07 8.392442e-11 9.788054e-07
10 -1.502331e-01 1.000000e+00 1 7.738861e-16 4.551914e-15 1.089000e+03 5.185714e+01 49 86 8.402441e-07 8.644421e-11 9.916174e-07
10 -3.566614e-01 1.000000e+00 1 7.179303e-16 4.218847e-15 9.990000e+02 4.757143e+01 21 94 8.273506e-07 8.003056e-11 9.963844e-07
10 8.885124e-02 9.149817e-01 1 7.663186e-16 -4.440892e-15 1.106000e+03 5.266667e+01 49 83 8.332578e-07 9.962242e-11 9.885627e-07
10 6.265523e-02 9.392673e-01 0 7.553812e-16 -4.218847e-15 1.066000e+03 5.076190e+01 48 84 8.413267e-07 7.822735e-11 9.888823e-07
10 1.032376e-01 9.019127e-01 1 7.631163e-16 -4.440892e-15 1.066000e+03 5.076190e+01 48 84 8.309359e-07 7.944973e-11 9.787298e-07
10 5.899946e-02 9.427073e-01 1 7.666666e-16 -4.829470e-15 1.073000e+03 5.109524e+01 48 86 8.085827e-07 9.517464e-11 9.891958e-07
10 -1.858458e-01 1.000000e+00 1 7.627982e-16 4.440892e-15 1.075000e+03 5.119048e+01 49 84 8.402902e-07 8.608336e-11 9.946691e-07
10 -7.118474e-03 1.000000e+00 1 7.648330e-16 -5.218048e-15 1.071000e+03 5.100000e+01 49 85 8.304354e-07 9.755655e-11 9.970218e-07
10 2.350888e-01 7.905007e-01 1 7.746912e-16 -4.329870e-15 1.073000e+03 5.109524e+01 48 84 8.365588e-07 8.366977e-11 9.893551e-07
10 1.965037e-02 9.805414e-01 1 7.607345e-16 -4.468648e-15 1.052000e+03 5.009524e+01 47 84 8.323789e-07 8.715671e-11 9.853466e-07
10 -3.748890e-02 1.000000e+00 1 7.582687e-16 -5.440093e-15 1.068000e+03 5.085714e+01 48 83 8.166181e-07 9.376592e-11 9.977056e-07
10 -1.222573e-01 1.000000e+00 1 7.204513e-16 3.941292e-15 9.970000e+02 4.747619e+01 21 88 8.168097e-07 8.401333e-11 9.965226e-07
10 -9.646135e-02 1.000000e+00 1 7.654607e-16 -5.107026e-15 1.094000e+03 5.209524e+01 49 84 8.220754e-07 9.579358e-11 9.954008e-07
10 -3.239325e-02 1.000000e+00 1 7.615511e-16 -4.385381e-15 1.066000e+03 5.076190e+01 48 85 8.082018e-07 9.346214e-11 9.926466e-07
10 -1.356430e-01 1.000000e+00 1 7.667663e-16 -4.551914e-15 1.077000e+03 5.128571e+01 49 84 8.555066e-07 8.490146e-11 9.919338e-07
10 -1.349090e-01 1.000000e+00 1 7.593453e-16 -5.662137e-15 1.080000e+03 5.142857e+01 48 85 8.452585e-07 8.549333e-11 9.987637e-07
10 -1.009429e-01 1.000000e+00 1 7.721181e-16 4.662937e-15 1.068000e+03 5.085714e+01 49 83 8.335328e-07 8.973609e-11 9.820221e-07
10 -1.347432e-01 1.000000e+00 1 7.694094e-16 -4.329870e-15 1.078000e+03 5.133333e+01 48 85 8.444091e-07 8.076900e-11 9.948844e-07
10 -6.513472e-02 1.000000e+00 1 7.514959e-16 4.218847e-15 1.084000e+03 5.161905e+01 49 87 8.356071e-07 9.840753e-11 9.878452e-07
10 -8.289782e-02 1.000000e+00 1 7.665797e-16 5.398459e-15 1.087000e+03 5.176190e+01 49 85 8.411846e-07 8.566630e-11 9.874698e-07
10 -1.215154e-01 1.000000e+00 1 7.698225e-16 4.329870e-15 1.074000e+03 5.114286e+01 49 85 8.279528e-07 8.154640e-11 9.723771e-07
10 -1.222572e-01 1.000000e+00 1 6.999426e-16 5.884182e-15 9.970000e+02 4.747619e+01 21 88 8.168097e-07 8.401329e-11 9.965212e-07
10 -1.294244e-01 1.000000e+00 1 7.697627e-16 -5.440093e-15 1.103000e+03 5.252381e+01 50 86 8.179294e-07 7.754958e-11 9.995309e-07
10 -4.428541e-02 1.000000e+00 1 7.695888e-16 4.440892e-15 1.075000e+03 5.119048e+01 49 86 8.422899e-07 8.071394e-11 9.621292e-07
10 -5.863051e-02 1.000000e+00 1 7.643590e-16 4.274359e-15 1.085000e+03 5.166667e+01 49 85 8.138837e-07 8.003462e-11 9.894620e-07
10 -1.301699e-01 1.000000e+00 1 7.644468e-16 5.634382e-15 1.057000e+03 5.033333e+01 48 85 8.351262e-07 8.687929e-11 9.901278e-07
10 -9.148799e-02 1.000000e+00 1 7.653018e-16 -4.218847e-15 1.062000e+03 5.057143e+01 48 84 8.439690e-07 9.754582e-11 9.969252e-07
10 -6.695591e-02 1.000000e+00 1 7.598458e-16 5.606626e-15 1.094000e+03 5.209524e+01 49 87 8.024159e-07 7.886436e-11 9.346875e-07
10 -3.721985e-02 1.000000e+00 1 7.783095e-16 5.384582e-15 1.080000e+03 5.142857e+01 49 85 8.398141e-07 9.264492e-11 9.829636e-07
10 -9.664165e-02 1.000000e+00 1 7.625942e-16 4.440892e-15 1.076000e+03 5.123810e+01 49 86 8.751988e-07 8.595086e-11 9.925589e-07
10 -1.018166e-01 1.000000e+00 1 7.663016e-16 4.829470e-15 1.061000e+03 5.052381e+01 48 83 8.400110e-07 9.615808e-11 9.931624e-07
10 -1.222573e-01 1.000000e+00 1 7.204513e-16 3.941292e-15 9.970000e+02 4.747619e+01 21 88 8.168097e-07 8.401333e-11 9.965226e-07
10 -3.566614e-01 1.000000e+00 1 7.179303e-16 4.218847e-15 9.990000e+02 4.757143e+01 21 94 8.273506e-07 8.003056e-11 9.963844e-07
10 8.885124e-02 9.149817e-01 1 7.663186e-16 -4.440892e-15 1.106000e+03 5.266667e+01 49 83 8.332578e-07 9.962242e-11 9.885627e-07
10 6.265523e-02 9.392673e-01 0 7.553812e-16 -4.218847e-15 1.066000e+03 5.076190e+01 48 84 8.413267e-07 7.822735e-11 9.888823e-07
10 1.032376e-01 9.019127e-01 1 7.631163e-16 -4.440892e-15 1.066000e+03 5.076190e+01 48 84 8.309359e-07 7.944973e-11 9.787298e-07
10 5.899946e-02 9.427073e-01 1 7.666666e-16 -4.829470e-15 1.073000e+03 5.109524e+01 48 86 8.085827e-07 9.517464e-11 9.891958e-07
10 -1.858458e-01 1.000000e+00 1 7.627982e-16 4.440892e-15 1.075000e+03 5.119048e+01 49 84 8.402902e-07 8.608336e-11 9.946691e-07
10 -7.118474e-03 1.000000e+00 1 7.648330e-16 -5.218048e-15 1.071000e+03 5.100000e+01 49 85 8.304354e-07 9.755655e-11 9.970218e-07
10 2.350888e-01 7.905007e-01 1 7.746912e-16 -4.329870e-15 1.073000e+03 5.109524e+01 48 84 8.365588e-07 8.366977e-11 9.893551e-07
10 1.965037e-02 9.805414e-01 1 7.607345e-16 -4.468648e-15 1.052000e+03 5.009524e+01 47 84 8.323789e-07 8.715671e-11 9.853466e-07
10 -3.748890e-02 1.000000e+00 1 7.582687e-16 -5.440093e-15 1.068000e+03 5.085714e+01 48 83 8.166181e-07 9.376592e-11 9.977056e-07
10 -1.222573e-01 1.000000e+00 1 7.204513e-16 3.941292e-15 9.970000e+02 4.747619e+01 21 88 8.168097e-07 8.401333e-11 9.965226e-07
10 -1.294244e-01 1.000000e+00 1 7.617245e-16 -4.440892e-15 1.103000e+03 5.252381e+01 50 86 8.179294e-07 7.754957e-11 9.995310e-07
10 -4.428537e-02 1.000000e+00 1 7.545706e-16 5.329071e-15 1.075000e+03 5.119048e+01 49 86 8.422899e-07 8.071396e-11 9.621294e-07
10 -5.863052e-02 1.000000e+00 1 7.606136e-16 -4.884981e-15 1.085000e+03 5.166667e+01 49 85 8.138837e-07 8.003455e-11 9.894624e-07
10 -1.990240e-01 1.000000e+00 1 7.666961e-16 4.440892e-15 1.052000e+03 5.009524e+01 48 84 8.340147e-07 8.639086e-11 9.797049e-07
10 -1.213328e-01 1.000000e+00 1 7.729209e-16 -5.218048e-15 1.076000e+03 5.123810e+01 48 88 8.316815e-07 9.592077e-11 9.835906e-07
10 -1.775057e-01 1.000000e+00 1 7.739740e-16 4.329870e-15 1.072000e+03 5.104762e+01 49 84 8.470251e-07 8.263749e-11 9.950673e-07
10 -5.150794e-02 1.000000e+00 1 7.688912e-16 4.662937e-15 1.067000e+03 5.080952e+01 48 85 8.233982e-07 8.717229e-11 9.700786e-07
10 -7.959003e-02 1.000000e+00 1 7.680576e-16 4.329870e-15 1.091000e+03 5.195238e+01 49 88 8.440560e-07 8.509988e-11 9.966148e-07
10 -1.117749e-01 1.000000e+00 1 7.602646e-16 -4.884981e-15 1.072000e+03 5.104762e+01 49 85 8.672865e-07 9.728817e-11 9.963845e-07
10 -1.223381e-01 1.000000e+00 1 7.171449e-16 -4.329870e-15 8.630000e+02 4.109524e+01 20 88 8.273489e-07 8.401221e-11 9.973757e-07
10 -2.497184e-01 1.000000e+00 1 7.706609e-16 4.163336e-15 9.430000e+02 4.490476e+01 41 86 8.340221e-07 7.916995e-11 9.904141e-07
10 -1.067869e-01 1.000000e+00 1 7.660340e-16 4.293441e-15 9.300000e+02 4.428571e+01 41 84 8.541342e-07 9.448097e-11 9.964022e-07
10 -1.268804e-01 1.000000e+00 1 7.678690e-16 3.858025e-15 9.330000e+02 4.442857e+01 41 85 8.613806e-07 9.417730e-11 9.935696e-07
10 -1.097979e-01 1.000000e+00 1 7.638549e-16 4.996004e-15 9.300000e+02 4.428571e+01 40 86 8.221095e-07 9.493199e-11 9.717046e-07
10 -8.270977e-02 1.000000e+00 1 7.557686e-16 4.329870e-15 9.340000e+02 4.447619e+01 41 87 8.590275e-07 8.112720e-11 9.956220e-07
10 -8.159622e-02 1.000000e+00 1 7.752411e-16 -4.662937e-15 9.260000e+02 4.409524e+01 41 84 8.444967e-07 8.961198e-11 9.739897e-07
10 7.069655e+00 8.505264e-04 0 7.131502e-16 4.773959e-15 1.262000e+03 6.009524e+01 24 140 8.230079e-07 9.070440e-11 9.825969e-07
10 1.819462e+00 1.621129e-01 0 7.203008e-16 -5.162537e-15 1.252000e+03 5.961905e+01 24 139 8.291173e-07 9.894475e-11 9.912560e-07
10 7.718434e+00 4.445563e-04 0 7.132065e-16 4.274359e-15 1.241000e+03 5.909524e+01 24 140 8.487543e-07 8.411276e-11 9.926338e-07
10 8.207368e+01 2.269111e-36 0 7.231498e-16 -4.440892e-15 1.337000e+03 6.366667e+01 25 150 8.394488e-07 9.933758e-11 9.936836e-07
10 5.204545e+01 2.494290e-23 0 7.078637e-16 4.662937e-15 1.298000e+03 6.180952e+01 24 149 8.434091e-07 8.728107e-11 9.966466e-07
10 9.784042e+01 3.224362e-43 0 7.015040e-16 -4.385381e-15 1.255000e+03 5.976190e+01 24 150 8.617787e-07 9.365153e-11 9.865119e-07
10 9.470650e+01 7.404392e-42 0 7.040161e-16 -6.161738e-15 1.270000e+03 6.047619e+01 25 151 8.332937e-07 8.800339e-11 9.945643e-07
10 -3.566614e-01 1.000000e+00 1 7.179303e-16 4.218847e-15 9.990000e+02 4.757143e+01 21 94 8.273506e-07 8.003056e-11 9.963844e-07
10 -1.223381e-01 1.000000e+00 1 7.086174e-16 4.107825e-15 8.630000e+02 4.109524e+01 20 88 8.273490e-07 8.401221e-11 9.973759e-07
10 -1.223548e-01 1.000000e+00 1 7.128963e-16 4.551914e-15 2.504000e+03 1.192381e+02 56 164 7.829474e-16 4.589452e-16 1.039639e-15
10 -3.562562e-01 1.000000e+00 1 7.159382e-16 3.996803e-15 2.649000e+03 1.261429e+02 56 170 7.297382e-16 4.612157e-16 8.867030e-16
1 -2.016534e-01 1.000000e+00 1 2.084584e-16 1.776357e-15 1.830000e+02 6.100000e+01 56 65 4.791100e-16 4.612157e-16 4.928849e-16
1 -2.699175e-02 1.000000e+00 1 2.056556e-16 -1.554312e-15 1.800000e+02 6.000000e+01 56 65 4.637088e-16 4.589452e-16 4.713410e-16
1 -2.699175e-02 1.000000e+00 1 2.056556e-16 -1.554312e-15 1.800000e+02 6.000000e+01 56 65 4.637088e-16 4.589452e-16 4.713410e-16
1 -2.699175e-02 1.000000e+00 1 2.056556e-16 -1.554312e-15 1.800000e+02 6.000000e+01 56 65 4.637088e-16 4.589452e-16 4.713410e-16
1 -2.016534e-01 1.000000e+00 1 2.084584e-16 1.776357e-15 1.830000e+02 6.100000e+01 56 65 4.791100e-16 4.612157e-16 4.928849e-16
1 -2.699175e-02 1.000000e+00 1 2.057597e-16 -1.554312e-15 1.800000e+02 6.000000e+01 56 65 4.674492e-16 4.561495e-16 4.781174e-16
1 -2.699175e-02 1.000000e+00 1 2.056556e-16 -1.554312e-15 1.800000e+02 6.000000e+01 56 65 4.637088e-16 4.589452e-16 4.713410e-16
1 -1.117495e-01 1.000000e+00 1 2.095237e-16 -1.998401e-15 1.840000e+02 6.133333e+01 56 65 5.046866e-16 4.871653e-16 5.276457e-16
1 -2.699175e-02 1.000000e+00 1 2.056681e-16 -1.554312e-15 1.840000e+02 6.133333e+01 56 65 4.745072e-16 4.589452e-16 4.857829e-16
1 -2.016534e-01 1.000000e+00 1 2.084584e-16 1.776357e-15 1.830000e+02 6.100000e+01 56 65 4.791100e-16 4.612157e-16 4.928849e-16
1 -2.016534e-01 1.000000e+00 1 2.084584e-16 1.776357e-15 1.830000e+02 6.100000e+01 56 65 4.791100e-16 4.612157e-16 4.928849e-16
1 -2.699175e-02 1.000000e+00 1 2.056681e-16 -1.554312e-15 1.840000e+02 6.133333e+01 56 65 4.745072e-16 4.589452e-16 4.857829e-16
1 -2.699175e-02 1.000000e+00 1 2.056681e-16 -1.554312e-15 1.840000e+02 6.133333e+01 56 65 4.745072e-16 4.589452e-16 4.857829e-16
1 -2.016534e-01 1.000000e+00 1 2.084584e-16 1.776357e-15 1.830000e+02 6.100000e+01 56 65 4.791100e-16 4.612157e-16 4.928849e-16
1 -2.016534e-01 1.000000e+00 1 2.084584e-16 1.776357e-15 1.830000e+02 6.100000e+01 56 65 4.791100e-16 4.612157e-16 4.928849e-16
1 -2.016534e-01 1.000000e+00 1 2.084584e-16 1.776357e-15 1.830000e+02 6.100000e+01 56 65 4.791100e-16 4.612157e-16 4.928849e-16
1 -2.016534e-01 1.000000e+00 1 2.084584e-16 1.776357e-15 1.830000e+02 6.100000e+01 56 65 4.791100e-16 4.612157e-16 4.928849e-16
1 -2.699175e-02 1.000000e+00 1 2.056681e-16 -1.554312e-15 1.840000e+02 6.133333e+01 56 65 4.745072e-16 4.589452e-16 4.857829e-16
1 -2.699175e-02 1.000000e+00 1 2.058627e-16 -1.554312e-15 1.840000e+02 6.133333e+01 56 65 4.776614e-16 4.618385e-16 4.895169e-16
1 -2.016534e-01 1.000000e+00 1 2.084584e-16 1.776357e-15 1.830000e+02 6.100000e+01 56 65 4.791100e-16 4.612157e-16 4.928849e-16
1 -2.016534e-01 1.000000e+00 1 2.084584e-16 1.776357e-15 1.830000e+02 6.100000e+01 56 65 4.791100e-16 4.612157e-16 4.928849e-16
1 -2.699175e-02 1.000000e+00 1 2.058627e-16 -1.554312e-15 1.840000e+02 6.133333e+01 56 65 4.776614e-16 4.618385e-16 4.895169e-16
1 -2.699175e-02 1.000000e+00 1 2.056681e-16 -1.554312e-15 1.840000e+02 6.133333e+01 56 65 4.745072e-16 4.589452e-16 4.857829e-16
1 -2.016534e-01 1.000000e+00 1 2.084584e-16 1.776357e-15 1.830000e+02 6.100000e+01 56 65 4.791100e-16 4.612157e-16 4.928849e-16
10 -3.562562e-01 1.000000e+00 1 7.159382e-16 3.996803e-15 2.649000e+03 1.261429e+02 56 170 7.297382e-16 4.612157e-16 8.867030e-16
10 8.841639e-02 9.153796e-01 1 7.729188e-16 4.107825e-15 2.997000e+03 1.427143e+02 136 152 8.380019e-16 7.976480e-16 8.833024e-16
10 6.242293e-02 9.394855e-01 0 7.674282e-16 -4.475587e-15 2.862000e+03 1.362857e+02 132 139 8.264461e-16 8.130272e-16 8.403359e-16
10 1.029246e-01 9.021950e-01 1 7.695632e-16 -4.052314e-15 2.857000e+03 1.360476e+02 135 137 8.250910e-16 8.094682e-16 8.523708e-16
10 5.908107e-02 9.426303e-01 1 7.755986e-16 4.635181e-15 2.888000e+03 1.375238e+02 135 140 8.264390e-16 8.107534e-16 8.400604e-16
10 -1.864791e-01 1.000000e+00 1 7.673445e-16 5.551115e-15 2.889000e+03 1.375714e+02 136 140 8.291869e-16 8.132537e-16 8.505241e-16
10 -6.961196e-03 1.000000e+00 1 7.608066e-16 -4.773959e-15 2.880000e+03 1.371429e+02 136 138 8.209985e-16 7.973284e-16 8.498853e-16
10 2.350020e-01 7.905692e-01 1 7.513088e-16 4.440892e-15 2.891000e+03 1.376667e+02 134 140 8.402290e-16 8.115542e-16 8.637811e-16
10 1.963795e-02 9.805536e-01 1 7.684613e-16 -4.440892e-15 2.828000e+03 1.346667e+02 133 136 8.222579e-16 8.009145e-16 8.398858e-16
10 -3.750152e-02 1.000000e+00 1 7.664657e-16 4.538037e-15 2.875000e+03 1.369048e+02 134 140 8.238540e-16 8.115279e-16 8.375277e-16
10 -3.562562e-01 1.000000e+00 1 7.159382e-16 3.996803e-15 2.649000e+03 1.261429e+02 56 170 7.297382e-16 4.612157e-16 8.867030e-16
10 8.841639e-02 9.153796e-01 1 7.729188e-16 4.107825e-15 2.997000e+03 1.427143e+02 136 152 8.380019e-16 7.976480e-16 8.833024e-16
10 6.242293e-02 9.394855e-01 0 7.674282e-16 -4.475587e-15 2.862000e+03 1.362857e+02 132 139 8.264461e-16 8.130272e-16 8.403359e-16
10 1.029246e-01 9.021950e-01 1 7.695632e-16 -4.052314e-15 2.857000e+03 1.360476e+02 135 137 8.250910e-16 8.094682e-16 8.523708e-16
10 5.908107e-02 9.426303e-01 1 7.755986e-16 4.635181e-15 2.888000e+03 1.375238e+02 135 140 8.264390e-16 8.107534e-16 8.400604e-16
10 -1.864791e-01 1.000000e+00 1 7.673445e-16 5.551115e-15 2.889000e+03 1.375714e+02 136 140 8.291869e-16 8.132537e-16 8.505241e-16
10 -6.961196e-03 1.000000e+00 1 7.608066e-16 -4.773959e-15 2.880000e+03 1.371429e+02 136 138 8.209985e-16 7.973284e-16 8.498853e-16
10 2.350020e-01 7.905692e-01 1 7.513088e-16 4.440892e-15 2.891000e+03 1.376667e+02 134 140 8.402290e-16 8.115542e-16 8.637811e-16
10 1.963795e-02 9.805536e-01 1 7.684613e-16 -4.440892e-15 2.828000e+03 1.346667e+02 133 136 8.222579e-16 8.009145e-16 8.398858e-16
10 -3.750152e-02 1.000000e+00 1 7.664657e-16 4.538037e-15 2.875000e+03 1.369048e+02 134 140 8.238540e-16 8.115279e-16 8.375277e-16
10 1.689051e+02 4.420233e-74 0 7.068013e-16 -4.440892e-15 1.293000e+03 6.157143e+01 26 113 8.355163e-07 9.169326e-09 9.944517e-07
10 1.370633e+02 2.979565e-60 0 7.077973e-16 4.329870e-15 1.326000e+03 6.314286e+01 25 125 8.464964e-07 9.062012e-09 9.920461e-07
10 1.478073e+02 6.428518e-65 0 7.038449e-16 4.218847e-15 1.370000e+03 6.523810e+01 26 125 8.342342e-07 9.329189e-09 9.903274e-07
10 1.376221e+02 1.704017e-60 0 7.070774e-16 3.996803e-15 1.289000e+03 6.138095e+01 25 125 8.551797e-07 8.677339e-09 9.843901e-07
10 1.459709e+02 4.033314e-64 0 7.190505e-16 -5.218048e-15 1.376000e+03 6.552381e+01 26 123 8.342945e-07 8.781838e-09 9.915830e-07
10 1.597670e+02 4.111989e-70 0 7.137613e-16 -4.551914e-15 1.330000e+03 6.333333e+01 26 121 8.289561e-07 9.342012e-09 9.951372e-07
10 1.357154e+02 1.146971e-59 0 7.219449e-16 -4.884981e-15 1.301000e+03 6.195238e+01 25 123 8.666352e-07 9.614227e-09 9.973693e-07
10 1.665597e+02 4.613414e-73 0 7.200777e-16 4.107825e-15 1.330000e+03 6.333333e+01 26 124 8.318163e-07 8.628057e-09 9.958426e-07
10 1.521288e+02 8.536908e-67 0 7.093869e-16 4.218847e-15 1.374000e+03 6.542857e+01 26 123 8.427735e-07 9.560835e-09 9.949362e-07
10 1.666960e+02 4.025612e-73 0 6.989364e-16 -5.440093e-15 1.291000e+03 6.147619e+01 26 115 8.255558e-07 9.580541e-09 9.997893e-07
10 1.689051e+02 4.420233e-74 0 7.068013e-16 -4.440892e-15 1.293000e+03 6.157143e+01 26 113 8.355163e-07 9.169326e-09 9.944517e-07
10 1.370633e+02 2.979565e-60 0 7.077973e-16 4.329870e-15 1.326000e+03 6.314286e+01 25 125 8.464964e-07 9.062012e-09 9.920461e-07
10 1.689051e+02 4.420233e-74 0 7.068013e-16 -4.440892e-15 1.293000e+03 6.157143e+01 26 113 8.355163e-07 9.169326e-09 9.944517e-07
10 5.434666e+02 9.450591e-237 0 7.267056e-16 -4.996004e-15 1.314000e+03 6.257143e+01 26 117 8.551632e-07 9.221051e-09 9.949113e-07
10 -3.566614e-01 1.000000e+00 1 7.179303e-16 4.218847e-15 9.790000e+02 4.661905e+01 21 74 8.277617e-07 8.711835e-09 9.963844e-07
10 -3.566614e-01 1.000000e+00 1 7.179303e-16 4.218847e-15 9.790000e+02 4.661905e+01 21 74 8.277617e-07 8.711835e-09 9.963844e-07
10 -3.566614e-01 1.000000e+00 1 7.179303e-16 4.218847e-15 9.790000e+02 4.661905e+01 21 74 8.277617e-07 8.711835e-09 9.963844e-07
10 1.689051e+02 4.420233e-74 0 7.068013e-16 -4.440892e-15 1.293000e+03 6.157143e+01 26 113 8.355163e-07 9.169326e-09 9.944517e-07
10 -2.782047e+00 1.000000e+00 1 7.100220e-16 4.996004e-15 9.570000e+02 4.557143e+01 21 73 7.733759e-07 8.965321e-09 9.688270e-07
10 -2.877999e+00 1.000000e+00 1 7.239812e-16 4.218847e-15 1.071000e+03 5.100000e+01 19 99 8.239546e-07 8.955409e-09 9.928927e-07
10 -4.482217e-01 1.000000e+00 1 7.101667e-16 -3.996803e-15 1.090000e+03 5.190476e+01 19 100 8.004703e-07 9.996879e-09 9.996103e-07
10 1.748922e+01 2.538223e-08 0 7.048711e-16 4.218847e-15 1.138000e+03 5.419048e+01 20 104 8.135145e-07 9.002613e-09 9.896174e-07
10 7.130988e+00 7.999290e-04 0 6.309124e-16 4.884981e-15 7.300000e+02 3.476190e+01 20 71 7.440352e-07 9.585711e-09 9.939801e-07
10 7.130988e+00 7.999290e-04 0 6.309124e-16 4.884981e-15 7.300000e+02 3.476190e+01 20 71 7.440352e-07 9.585711e-09 9.939801e-07
10 1.689051e+02 4.420233e-74 0 7.068013e-16 -4.440892e-15 1.293000e+03 6.157143e+01 26 113 8.355163e-07 9.169326e-09 9.944517e-07
10 3.248358e+03 0.000000e+00 0 7.134769e-16 4.329870e-15 1.394000e+03 6.638095e+01 26 115 8.479561e-07 8.984390e-09 9.968277e-07
10 3.586106e+03 0.000000e+00 0 7.236547e-16 -4.440892e-15 1.344000e+03 6.400000e+01 26 108 8.440526e-07 8.914819e-09 9.913037e-07
10 1.689051e+02 4.420233e-74 0 7.068013e-16 -4.440892e-15 1.293000e+03 6.157143e+01 26 113 8.355163e-07 9.169326e-09 9.944517e-07
10 -3.566614e-01 1.000000e+00 1 7.179303e-16 4.218847e-15 9.790000e+02 4.661905e+01 21 74 8.277617e-07 8.711835e-09 9.963844e-07
10 1.689051e+02 4.420233e-74 0 7.068013e-16 -4.440892e-15 1.293000e+03 6.157143e+01 26 113 8.355163e-07 9.169326e-09 9.944517e-07
10 -3.566614e-01 1.000000e+00 1 7.179303e-16 4.218847e-15 9.790000e+02 4.661905e+01 21 74 8.277617e-07 8.711835e-09 9.963844e-07
10 1.689051e+02 4.420233e-74 0 7.068013e-16 -4.440892e-15 1.293000e+03 6.157143e+01 26 113 8.355163e-07 9.169326e-09 9.944517e-07
10 1.897789e+02 3.802328e-83 0 7.739857e-16 4.551914e-15 1.484000e+03 7.066667e+01 53 107 8.807399e-07 8.530794e-09 9.931184e-07
100 1.903520e+02 2.143841e-83 0 2.323122e-15 -1.265654e-14 1.388300e+04 6.906965e+01 52 107 9.074173e-07 8.738253e-09 9.986535e-07
10 1.897789e+02 3.802328e-83 0 7.739857e-16 4.551914e-15 1.484000e+03 7.066667e+01 53 107 8.807399e-07 8.530794e-09 9.931184e-07
10 -7.343536e-02 1.000000e+00 1 7.666355e-16 4.107825e-15 1.093000e+03 5.204762e+01 43 69 8.378371e-07 8.998677e-09 9.909029e-07
100 1.903520e+02 2.143841e-83 0 2.323122e-15 -1.265654e-14 1.388300e+04 6.906965e+01 52 107 9.074173e-07 8.738253e-09 9.986535e-07
10 -7.343536e-02 1.000000e+00 1 7.666355e-16 4.107825e-15 1.093000e+03 5.204762e+01 43 69 8.378371e-07 8.998677e-09 9.909029e-07
10 7.646338e-02 9.263868e-01 1 7.795738e-16 -4.551914e-15 1.029000e+03 4.900000e+01 47 67 8.408890e-07 7.942851e-09 9.945931e-07
10 -3.445131e-02 1.000000e+00 1 7.745337e-16 -4.662937e-15 1.036000e+03 4.933333e+01 47 67 8.340480e-07 8.306863e-09 9.879131e-07
10 -3.445131e-02 1.000000e+00 1 7.745337e-16 -4.662937e-15 1.036000e+03 4.933333e+01 47 67 8.340480e-07 8.306863e-09 9.879131e-07
10 -3.445131e-02 1.000000e+00 1 7.745337e-16 -4.662937e-15 1.036000e+03 4.933333e+01 47 67 8.340480e-07 8.306863e-09 9.879131e-07
10 3.889860e-03 9.961177e-01 1 9.129637e-16 -5.037637e-15 1.016000e+03 4.838095e+01 47 64 8.198396e-07 7.861986e-09 9.896132e-07
10 3.889860e-03 9.961177e-01 1 3.856358e-16 -2.442491e-15 1.016000e+03 4.838095e+01 47 64 8.198396e-07 7.861986e-09 9.896132e-07
10 -6.453858e-02 1.000000e+00 1 7.575873e-16 -3.885781e-15 1.377000e+03 6.259091e+01 35 80 7.991785e-08 8.400395e-11 9.812885e-08
